[20221123.211809]
center_wavelength                : 802.26
distortion_basename              : dist_coeff_20240330_1074_degree3.sav

[20221125.194658]
center_wavelength                : 802.41

# [TODO]: change to O1 change date
[20260601]
focal_length                     : 2265.479
