[20221114]
distortion_basename              : dist_coeff_20240330_1074_degree3.sav

# [TODO]: change to O1 change date
[20260701]
focal_length                     : 2261.696
