[20221122.002143]
center_wavelength                : 991.21
distortion_basename              : dist_coeff_20240330_1074_degree3.sav

[20221122.182203]
center_wavelength                : 991.30

[20221122.204552]
center_wavelength                : 991.21

[20221123.223519]
center_wavelength                : 991.26

# [TODO]: change to O1 change date
[20260601]
focal_length                     : 2279.391
